5 6
1 5 7 9 10 11
6 10 12 13 20 21
9 25 29 30 32 41
15 55 59 63 68 70
40 70 79 81 95 105

1 5 7 9 10 11 21 41 70 105 95 81 79 70 40 15 9 6 10 12 13 20 32 68 63 59 55 25 29 30

1   6   9   15  40
5   10  25  55  70
7   12  29  59  79
9   13  30  63  81
10  20  32  68  95
11  21  41  70  105

3 3
1 2 3
4 5 6
7 8 9

3 4 3
2 4 1 2
8 4 3 6
1 7 9 5
1 2 3
4 5 6
7 8 9
4 5 6

2 3 2
1 2 3
4 5 6
1 2
3 4
5 6

2 2 2
1 2
3 4
1 2
3 4

3 3 20
1 2 3
4 5 6
7 8 9